
$orca_hessian_file

$act_atom
  4

$act_coord
  2

$act_energy
      -40.523212

$hessian
15
                    0                  1                  2                  3                  4        
    0      5.5469888441E-01   5.2707244270E-05  -7.5899386719E-04  -3.2164230438E-01  -2.1980961633E-05
    1      5.2707244270E-05   5.5514242012E-01   5.0829658288E-05   1.4336896637E-05  -4.6747574736E-02
    2     -7.5899386719E-04   5.0829658288E-05   5.5519228745E-01  -3.9496761978E-05  -6.1937712396E-06
    3     -3.2164230438E-01   1.4336896637E-05  -3.9496761978E-05   3.4772649634E-01   2.5774046476E-05
    4     -2.1980961633E-05  -4.6747574736E-02  -6.1937712396E-06   2.5774046476E-05   4.5705566057E-02
    5     -1.4379318877E-04  -1.1570692966E-05  -4.6803248227E-02   1.1623544048E-04   6.7796579099E-06
    6     -7.7591679945E-02   7.6354312227E-02  -4.1801948298E-02  -8.7132966744E-03   2.7913202658E-02
    7      7.5959664286E-02  -2.3510079124E-01   1.0349355161E-01  -6.3633621813E-04   1.5554113931E-03
    8     -4.1693264343E-02   1.0372798308E-01  -1.0355534746E-01   3.7264755159E-04  -1.8469695082E-03
    9     -7.7881186908E-02  -1.8159173144E-03   8.7530184149E-02  -8.7451927943E-03  -6.6161516626E-04
   10     -1.8050233958E-03  -4.6906525146E-02   4.9906689095E-03   8.1712558109E-05  -1.7217507779E-03
   11      8.7426958086E-02   5.0291076756E-03  -2.9246612874E-01  -8.9926722195E-04  -8.6870180287E-05
   12     -7.7621962548E-02  -7.4605379667E-02  -4.4929927453E-02  -8.7098743825E-03  -2.7255382312E-02
   13     -7.4185408381E-02  -2.2628830192E-01  -1.0852715180E-01   5.9475513145E-04   1.3897022092E-03
   14     -4.4827437788E-02  -1.0879631930E-01  -1.1233497703E-01   3.9552364413E-04   1.9332067732E-03
                    5                  6                  7                  8                  9        
    0     -1.4379318877E-04  -7.7591679945E-02   7.5959664286E-02  -4.1693264343E-02  -7.7881186908E-02
    1     -1.1570692966E-05   7.6354312227E-02  -2.3510079124E-01   1.0372798308E-01  -1.8159173144E-03
    2     -4.6803248227E-02  -4.1801948298E-02   1.0349355161E-01  -1.0355534746E-01   8.7530184149E-02
    3      1.1623544048E-04  -8.7132966744E-03  -6.3633621813E-04   3.7264755159E-04  -8.7451927943E-03
    4      6.7796579099E-06   2.7913202658E-02   1.5554113931E-03  -1.8469695082E-03  -6.6161516626E-04
    5      4.5696352636E-02  -1.5367867207E-02  -1.8489105777E-03  -7.7839121422E-04   3.1905696819E-02
    6     -1.5367867207E-02   7.9552837546E-02  -8.3502898481E-02   4.5882771882E-02   3.3832139264E-03
    7     -1.8489105777E-03  -8.3502898481E-02   2.5178154340E-01  -1.1343821785E-01  -1.1711422061E-03
    8     -7.7839121422E-04   4.5882771882E-02  -1.1343821785E-01   1.0805227394E-01  -1.1939549625E-02
    9      3.1905696819E-02   3.3832139264E-03  -1.1711422061E-03  -1.1939549625E-02   7.9898496647E-02
   10     -8.6448850545E-05  -1.1095724052E-02   9.9843765465E-04   2.5740778313E-02   1.9584350430E-03
   11      2.6699333424E-03   4.2801881314E-03  -1.0378117706E-03  -1.2133893347E-02  -9.5530295614E-02
   12     -1.6510123758E-02   3.4096401618E-03   9.3474654645E-03   7.3792669751E-03   3.3856506521E-03
   13      1.9409433241E-03  -9.6477839279E-03  -1.9317056604E-02  -1.4081361726E-02   1.6635769487E-03
   14     -6.1511387284E-04   6.9995295420E-03   1.2898923797E-02   8.4375751874E-03  -1.1898692155E-02
                   10                 11                 12                 13                 14        
    0     -1.8050233958E-03   8.7426958086E-02  -7.7621962548E-02  -7.4185408381E-02  -4.4827437788E-02
    1     -4.6906525146E-02   5.0291076756E-03  -7.4605379667E-02  -2.2628830192E-01  -1.0879631930E-01
    2      4.9906689095E-03  -2.9246612874E-01  -4.4929927453E-02  -1.0852715180E-01  -1.1233497703E-01
    3      8.1712558109E-05  -8.9926722195E-04  -8.7098743825E-03   5.9475513145E-04   3.9552364413E-04
    4     -1.7217507779E-03  -8.6870180287E-05  -2.7255382312E-02   1.3897022092E-03   1.9332067732E-03
    5     -8.6448850545E-05   2.6699333424E-03  -1.6510123758E-02   1.9409433241E-03  -6.1511387284E-04
    6     -1.1095724052E-02   4.2801881314E-03   3.4096401618E-03  -9.6477839279E-03   6.9995295420E-03
    7      9.9843765465E-04  -1.0378117706E-03   9.3474654645E-03  -1.9317056604E-02   1.2898923797E-02
    8      2.5740778313E-02  -1.2133893347E-02   7.3792669751E-03  -1.4081361726E-02   8.4375751874E-03
    9      1.9584350430E-03  -9.5530295614E-02   3.3856506521E-03   1.6635769487E-03  -1.1898692155E-02
   10      4.5775717595E-02  -5.4140505044E-03   1.0860700756E-02   1.8592157853E-03  -2.5224818257E-02
   11     -5.4140505044E-03   3.1482350521E-01   4.7186419719E-03   1.5871709695E-03  -1.3132906912E-02
   12      1.0860700756E-02   4.7186419719E-03   7.9577270839E-02   8.1577948825E-02   4.9333013098E-02
   13      1.8592157853E-03   1.5871709695E-03   8.1577948825E-02   2.4215321959E-01   1.1900675104E-01
   14     -2.5224818257E-02  -1.3132906912E-02   4.9333013098E-02   1.1900675104E-01   1.1766057731E-01

$vibrational_frequencies
15
    0        0.000000
    1        0.000000
    2        0.000000
    3        0.000000
    4        0.000000
    5        0.000000
    6     1353.479875
    7     1353.947201
    8     1357.602432
    9     1575.804717
   10     1577.311780
   11     3048.106416
   12     3158.231526
   13     3161.706939
   14     3163.414134

$normal_modes
15 15
                    0                  1                  2                  3                  4        
    0      0.0000000000E+00   0.0000000000E+00   0.0000000000E+00   0.0000000000E+00   0.0000000000E+00
    1      0.0000000000E+00   0.0000000000E+00   0.0000000000E+00   0.0000000000E+00   0.0000000000E+00
    2      0.0000000000E+00   0.0000000000E+00   0.0000000000E+00   0.0000000000E+00   0.0000000000E+00
    3      0.0000000000E+00   0.0000000000E+00   0.0000000000E+00   0.0000000000E+00   0.0000000000E+00
    4      0.0000000000E+00   0.0000000000E+00   0.0000000000E+00   0.0000000000E+00   0.0000000000E+00
    5      0.0000000000E+00   0.0000000000E+00   0.0000000000E+00   0.0000000000E+00   0.0000000000E+00
    6      0.0000000000E+00   0.0000000000E+00   0.0000000000E+00   0.0000000000E+00   0.0000000000E+00
    7      0.0000000000E+00   0.0000000000E+00   0.0000000000E+00   0.0000000000E+00   0.0000000000E+00
    8      0.0000000000E+00   0.0000000000E+00   0.0000000000E+00   0.0000000000E+00   0.0000000000E+00
    9      0.0000000000E+00   0.0000000000E+00   0.0000000000E+00   0.0000000000E+00   0.0000000000E+00
   10      0.0000000000E+00   0.0000000000E+00   0.0000000000E+00   0.0000000000E+00   0.0000000000E+00
   11      0.0000000000E+00   0.0000000000E+00   0.0000000000E+00   0.0000000000E+00   0.0000000000E+00
   12      0.0000000000E+00   0.0000000000E+00   0.0000000000E+00   0.0000000000E+00   0.0000000000E+00
   13      0.0000000000E+00   0.0000000000E+00   0.0000000000E+00   0.0000000000E+00   0.0000000000E+00
   14      0.0000000000E+00   0.0000000000E+00   0.0000000000E+00   0.0000000000E+00   0.0000000000E+00
                    5                  6                  7                  8                  9        
    0      0.0000000000E+00  -1.8071563270E-02   6.0258193227E-03  -1.2315744240E-01  -3.2314666461E-05
    1      0.0000000000E+00   7.1669109585E-02   1.0177655416E-01  -5.5356078418E-03  -1.7803148883E-04
    2      0.0000000000E+00  -1.0033209644E-01   7.1633684044E-02   1.8186629364E-02  -5.1743157551E-05
    3      0.0000000000E+00  -1.3641104515E-02   4.8244030189E-03  -9.1853066547E-02  -1.0408312312E-04
    4      0.0000000000E+00  -3.4777583514E-01  -4.9441420221E-01   2.7177200131E-02  -4.9828201376E-01
    5      0.0000000000E+00   4.8603266375E-01  -3.4711561312E-01  -9.2213094076E-02  -2.0987676134E-02
    6      0.0000000000E+00  -1.1953280513E-01  -1.2264713753E-01   5.4578791887E-01  -4.0252705972E-01
    7      0.0000000000E+00   1.6591661112E-01  -2.6395797078E-01   1.5997131563E-01   1.3093029433E-04
    8      0.0000000000E+00   2.0424303557E-01  -4.7274705823E-01  -1.5812104877E-01   2.9682688736E-01
    9      0.0000000000E+00   2.5526084553E-01  -1.4780905628E-01   4.8387051217E-01  -1.0062061502E-02
   10      0.0000000000E+00  -3.3723774435E-01  -4.9924998143E-01   2.0286819665E-02   5.0098820169E-01
   11      0.0000000000E+00   1.1579224409E-02  -1.1409162572E-02   2.2005167499E-01   6.5100058399E-03
   12      0.0000000000E+00   9.3247931610E-02   1.9383008853E-01   5.2969864407E-01   4.1307825539E-01
   13      0.0000000000E+00  -3.3488882054E-01   4.4885852812E-02  -1.4147483365E-01  -7.1575292822E-04
   14      0.0000000000E+00   4.9366968974E-01  -2.2291835771E-02  -1.8642348978E-01  -2.8173266244E-01
                   10                 11                 12                 13                 14        
    0      8.1558053839E-04  -3.4567619466E-04   8.6338866600E-02   1.4716351758E-04  -3.2940905375E-02
    1      3.7560641559E-05  -1.8525172967E-04  -7.5737682984E-04  -9.2407525785E-02  -2.3978966994E-03
    2     -1.0771145726E-05   1.2973103593E-03   3.2890675143E-02  -2.5178381825E-03   8.6328326238E-02
    3      6.3639999952E-04   5.0558516976E-01  -8.0512431154E-01  -2.0183828269E-03   2.9793030607E-01
    4      2.1088475997E-02   6.7426864818E-05  -1.6788451951E-04  -1.7942950121E-02  -4.5384963923E-04
    5     -4.9893663963E-01   6.7424255531E-04   6.4500717027E-03  -5.2046839159E-04   1.6824855009E-02
    6      2.4110164738E-01  -1.6961888085E-01  -1.2406788596E-01  -2.3887401271E-01  -9.9520795455E-02
    7      2.8121026971E-01   4.1654202502E-01   3.4888069598E-01   5.7312675633E-01   2.3051055534E-01
    8      3.3327977067E-01  -2.2891267945E-01  -1.8595233497E-01  -3.2547984399E-01  -1.1041384019E-01
    9     -4.7470600997E-01  -1.6285989580E-01   2.4101163396E-02  -1.7751096027E-03   2.9041560031E-01
   10     -7.6701972779E-03  -9.0760844341E-03   2.9641159803E-04  -1.7826405881E-02   1.6679651284E-02
   11     -1.6837860284E-01   4.5825167663E-01  -1.2725604017E-02   4.6180339414E-03  -8.2003392043E-01
   12      2.2324977028E-01  -1.6898742806E-01  -1.2369480591E-01   2.4091395255E-01  -9.6312001341E-02
   13     -2.9507610881E-01  -4.0532596812E-01  -3.3998456720E-01   5.6374060781E-01  -2.1816380018E-01
   14      3.3416381727E-01  -2.4547156784E-01  -1.9968671520E-01   3.5138401893E-01  -1.1503733888E-01

#
# The atoms: label  mass x y z (in bohrs)
#
$atoms
5
 C     12.01100     -3.706820520597     2.970623720531     0.000132661437
 H      1.00800     -1.642637736805     2.970728739613     0.000103683974
 H      1.00800     -4.395793072741     4.675178982032    -0.937467145212
 H      1.00800     -4.395619078182     2.930658494129     1.944243042295
 H      1.00800     -4.395850081796     1.306303140713    -1.007031139756

$actual_temperature
  0.000000

$dipole_derivatives
15
    1.0212511404E-02    9.3230226599E-05    8.5672584425E-04
    7.5586425130E-04   -6.9893369769E-03    5.7549352645E-04
   -3.3022826747E-03    4.6157109420E-04   -1.1713963434E-03
   -1.3861402744E-01    5.1278605597E-05   -7.2431546947E-04
    1.4619031550E-05    8.4358570504E-02   -9.5245813789E-05
    6.4536147026E-04   -1.1675169116E-04    8.4205529348E-02
    4.4640630248E-02    5.5754185417E-02   -3.0303753906E-02
    5.8226857897E-02   -6.9989186319E-02    7.9909622475E-02
   -2.9952115603E-02    7.5649695442E-02    2.5058718462E-02
    4.1797483859E-02   -1.5220722348E-03    6.2303660580E-02
   -1.6321426153E-03    6.8797218755E-02    3.8318216597E-03
    6.5372674230E-02    3.0258748388E-03   -1.1391634105E-01
    4.4720722252E-02   -5.4373846521E-02   -3.2117645149E-02
   -5.7394006005E-02   -6.3214167029E-02   -8.4127247380E-02
   -3.2528575891E-02   -7.9031914373E-02    1.8135721598E-02

#
# The IR spectrum
#  wavenumber T**2 TX TY  TY
#
$ir_spectrum
15
      0.00       0.0000       0.0000       0.0000       0.0000
      0.00       0.0000       0.0000       0.0000       0.0000
      0.00       0.0000       0.0000       0.0000       0.0000
      0.00       0.0000       0.0000       0.0000       0.0000
      0.00       0.0000       0.0000       0.0000       0.0000
      0.00       0.0000       0.0000       0.0000       0.0000
   1353.48      15.6247       0.5727      -2.2787       3.1787
   1353.95      15.5758      -0.2006      -3.2279      -2.2620
   1357.60      12.6750       3.5146       0.1670      -0.5430
   1575.80       0.0570       0.0002      -0.2387       0.0050
   1577.31       0.0303       0.0611       0.0187      -0.1620
   3048.11       0.0254       0.0095      -0.0209       0.1576
   3158.23      24.0039       4.5620      -0.0442       1.7860
   3161.71      21.7247      -0.0023      -4.6589      -0.1400
   3163.41      23.1922      -1.7597      -0.1089       4.4815

$polarizability_derivatives
15
   -4.8218863965E+00    2.4748505064E+00    2.4979646936E+00   -2.7828591983E-03    3.3762969762E-03    2.0742343058E-04
   -3.2390734006E-04   -2.2924143655E-01    2.1405423204E-01    2.5080515199E+00   -1.1019918130E-03    3.5105363259E+00
    5.4641588168E-03    3.4805900489E+00   -3.4467468861E+00   -1.6638542023E-03    2.4736071147E+00    2.1016629978E-01
    8.4763835062E+00    1.4846910169E-01    1.4759140242E-01    7.2696278352E-04    2.9994373633E-03    8.2816071281E-04
    1.5663876543E-04    3.9004447808E-02   -3.7213711406E-02    2.1972772500E+00    2.4984611947E-04   -6.0051860727E-01
   -4.1943254434E-03   -6.0066469162E-01    6.3719827359E-01    3.4337371852E-04    2.1955984461E+00   -3.6409870099E-02
   -1.2213854713E+00   -1.0239081553E+00   -7.5240389301E-01    2.3352315645E+00   -1.2914719516E+00    2.1015627472E-01
    6.9677706357E-01    5.8825048637E+00    7.5619901359E-01   -1.7144240641E+00    2.1402160431E-01   -2.3541079135E+00
   -3.8755518831E-01   -1.4125532175E+00   -2.2688377054E+00    2.1001921831E-01   -1.4149048622E+00    2.4222200335E+00
   -1.2168781024E+00   -6.0206277817E-01   -1.1258356679E+00   -5.4809714557E-02    2.6712509741E+00    1.1588830460E-02
   -1.8369719406E-02   -7.2664433957E-02   -8.0263907961E-02   -1.2878094907E+00    1.2588705006E-02    1.9099436350E+00
    7.9904766295E-01   -2.9063120533E-02    7.6090663095E+00    1.3596160180E-02   -1.8183097428E+00   -1.1504729455E-01
   -1.2198161033E+00   -9.9481417074E-01   -7.6889934537E-01   -2.2783658312E+00   -1.3861532486E+00   -2.2276951531E-01
   -6.8026540068E-01   -5.6217178394E+00   -8.5185411616E-01   -1.6980577109E+00   -2.2572336896E-01   -2.4601207423E+00
   -4.1629513433E-01   -1.4306649029E+00   -2.5088765455E+00   -2.2231525805E-01   -1.4302281314E+00   -2.4805162047E+00

#
# The Raman spectrum
#  wavenumber Activity Depolarization
#
$raman_spectrum
15
      0.00       0.0000       0.0000
      0.00       0.0000       0.0000
      0.00       0.0000       0.0000
      0.00       0.0000       0.0000
      0.00       0.0000       0.0000
      0.00       0.0000       0.0000
   1353.48       2.5013       0.7500
   1353.95       2.4777       0.7500
   1357.60       2.6405       0.7500
   1575.80      30.1892       0.7500
   1577.31      30.4206       0.7500
   3048.11     122.2209       0.0001
   3158.23      52.3940       0.7498
   3161.71      52.8820       0.7500
   3163.41      52.5494       0.7490

$job_list
15
    0    1    1    1
    1    1    1    1
    2    1    1    1
    3    1    1    1
    4    1    1    1


$end

